Trace for Mass:	116Sn	117Sn	118Sn	119Sn	120Sn	121Sb	122Sn	123Sb	124Sn
Resolution:	High	High	High	High	High	High	High	High	High
									
Time	Intensity	Intensity	Intensity	Intensity	Intensity	Intensity	Intensity	Intensity	Intensity
[sec]	[cps]	[cps]	[cps]	[cps]	[cps]	[cps]	[cps]	[cps]	[cps]

0.	7.487704278901219e-004	3.871176450047642e-004	1.178992795757949e-003	4.534621257334948e-004	1.719025778584182e-003	4.895814880728722e-002	2.764608070719987e-004	3.77674512565136e-002	3.776109660975635e-004	
8.392000198364258	7.450414705090225e-004	3.79984499886632e-004	1.211816677823663e-003	4.770139930769801e-004	1.69998686760664e-003	4.779819399118424e-002	2.671549736987799e-004	3.686001524329186e-002	3.435560502111912e-004	
16.78400039672852	7.199294632300735e-004	4.049730196129531e-004	1.293656183406711e-003	4.490064457058907e-004	1.694472855888307e-003	4.662134498357773e-002	2.506457676645368e-004	3.598533198237419e-002	3.519633028190583e-004	
25.17499923706055	7.374233100563288e-004	3.991744306404144e-004	1.21844036038965e-003	4.627584712579846e-004	1.737767946906388e-003	4.536805301904678e-002	2.575992839410901e-004	3.502131626009941e-002	3.515084681566805e-004	
33.56700134277344	7.542474195361137e-004	4.229473415762186e-004	1.258918549865484e-003	4.862513451371342e-004	1.755064353346825e-003	4.441458731889725e-002	2.499989350326359e-004	3.421828150749207e-002	3.675161569844931e-004	
41.95899963378906	7.176280487328768e-004	3.759359533432871e-004	1.184438937343657e-003	4.469044215511531e-004	1.638740533962846e-003	4.335518553853035e-002	2.370328729739413e-004	3.345043212175369e-002	3.626742109190673e-004	
50.34999847412109	7.377583533525467e-004	3.78382857888937e-004	1.212405506521463e-003	4.462827055249363e-004	1.6820925520733e-003	4.255804792046547e-002	2.467500453349203e-004	3.283047303557396e-002	3.733118646778166e-004	
58.74200057983398	7.265715394169092e-004	3.978397289756686e-004	1.260684803128243e-003	4.551644960884005e-004	1.70682359021157e-003	4.163158312439919e-002	2.589811920188367e-004	3.214903548359871e-002	3.381126443855465e-004	
67.13400268554688	6.900988519191742e-004	3.484876942820847e-004	1.138073508627713e-003	4.176099027972668e-004	1.628590165637434e-003	4.053386673331261e-002	2.361655351705849e-004	3.130538016557694e-002	3.359851834829897e-004	
75.52500152587891	6.925315828993917e-004	3.837067633867264e-004	1.162654487416148e-003	4.325160989537835e-004	1.590530853718519e-003	3.939364105463028e-002	2.30270583415404e-004	3.038525767624378e-002	3.26580397086218e-004	
83.91699981689453	6.852479418739677e-004	3.723768168129027e-004	1.169278169982135e-003	4.078403289895505e-004	1.612123800441623e-003	3.889019414782524e-002	2.386940468568355e-004	3.002757206559181e-002	3.3944784081541e-004	
92.30799865722656	6.944690248928964e-004	3.758469829335809e-004	1.163537614047527e-003	4.366312641650438e-004	1.580158015713096e-003	3.761208802461624e-002	2.505869488231838e-004	2.901497296988964e-002	3.215038741473109e-004	
100.6999969482422	7.41181371267885e-004	3.841368306893855e-004	1.224622479639947e-003	4.432481073308736e-004	1.686551258899272e-003	3.680518269538879e-002	2.31990561587736e-004	2.839282900094986e-002	3.381566784810275e-004	
109.0920028686523	7.933300221338868e-004	4.254982050042599e-004	1.293656183406711e-003	4.89863392431289e-004	1.855592709034681e-003	3.808106109499931e-002	2.863841946236789e-004	2.935483679175377e-002	3.825997409876436e-004	
117.4830017089844	7.772626704536378e-004	4.15888091083616e-004	1.29483372438699e-003	4.755336558446288e-004	1.758452854119241e-003	3.605388477444649e-002	2.632297691889107e-004	2.781592682003975e-002	3.747351292986423e-004	
125.875	7.522955420427024e-004	4.064856912009418e-004	1.21917633805424e-003	4.70885424874723e-004	1.720006810501218e-003	3.466096892952919e-002	2.500283299013972e-004	2.67272237688303e-002	3.60620062565431e-004	
134.2669982910156	7.525868131779134e-004	4.294431128073484e-004	1.244493527337909e-003	4.819583264179528e-004	1.757888006977737e-003	3.36589552462101e-002	2.726678794715554e-004	2.60102916508913e-002	3.559835313353688e-004	
142.6580047607422	7.150207529775798e-004	3.908399667125195e-004	1.162801636382937e-003	4.340703890193254e-004	1.648311386816204e-003	3.330687433481216e-002	2.395760820945725e-004	2.571076340973377e-002	3.258908109273762e-004	
151.0500030517578	7.634243229404092e-004	4.122398386243731e-004	1.233895658515394e-003	4.625364090315998e-004	1.678332453593612e-003	3.291980549693108e-002	2.626711502671242e-004	2.540344372391701e-002	3.693649196065962e-004	
159.4420013427734	7.350344676524401e-004	3.961491165682674e-004	1.161476946435869e-003	4.393697890918702e-004	1.668389770202339e-003	3.141053393483162e-002	2.825912379194051e-004	2.425815351307392e-002	3.500412276480347e-004	
167.8329925537109	6.913807592354715e-004	3.985663934145123e-004	1.224180916324258e-003	4.207036399748176e-004	1.616597059182823e-003	3.057520650327206e-002	2.152467350242659e-004	2.360785193741322e-002	3.644055686891079e-004	
176.2239990234375	7.32922344468534e-004	4.045577661599964e-004	1.24361040070653e-003	4.657634999603033e-004	1.72473315615207e-003	2.915859781205654e-002	2.677577140275389e-004	2.249524742364883e-002	3.585952508728951e-004	
184.6159973144531	7.331408560276032e-004	3.837809199467301e-004	1.137484679929912e-003	4.458534240256995e-004	1.65837281383574e-003	2.86033321171999e-002	2.675077994354069e-004	2.203752845525742e-002	3.655060136225075e-004	
193.0070037841797	6.79930963087827e-004	3.552358539309353e-004	1.187382731586695e-003	4.294371465221047e-004	1.585180987603962e-003	2.811431512236595e-002	2.319023478776217e-004	2.170861512422562e-002	3.104853094555438e-004	
201.3990020751953	6.789695471525192e-004	3.60070844180882e-004	1.145874615758658e-003	4.23841760493815e-004	1.585389021784067e-003	2.741754427552223e-002	2.271687844768167e-004	2.118025720119476e-002	3.423822636250407e-004	
209.7899932861328	6.806738674640656e-004	3.661961818579584e-004	1.167806214652956e-003	4.494949535001069e-004	1.615645946003497e-003	2.772149816155434e-002	2.445302379783243e-004	2.139631286263466e-002	2.992614754475653e-004	
218.1820068359375	7.478818879462779e-004	4.263138689566404e-004	1.218293211422861e-003	4.621515399776399e-004	1.729890587739646e-003	2.863755263388157e-002	2.474556968081743e-004	2.213617041707039e-002	3.529023379087448e-004	
226.572998046875	8.678578305989504e-004	4.804614582099021e-004	1.441292813979089e-003	5.501896957866848e-004	2.070849761366844e-003	2.866542339324951e-002	2.950286434497684e-004	2.213549800217152e-002	4.014251753687859e-004	
234.9640045166016	7.81370559707284e-004	4.110534209758043e-004	1.237428281456232e-003	4.768659709952772e-004	1.830533961765468e-003	2.708871848881245e-002	2.663169871084392e-004	2.093799971044064e-002	3.755861253011972e-004	
243.3560028076172	8.268056553788483e-004	4.448521649464965e-004	1.409204094670713e-003	5.223281332291663e-004	1.958940410986543e-003	2.699755504727364e-002	2.759462513495237e-004	2.086741663515568e-002	3.996350569650531e-004	
251.7469940185547	7.376418216153979e-004	4.101932572666556e-004	1.255974639207125e-003	4.531512677203864e-004	1.692317775450647e-003	2.513575553894043e-002	2.639354206621647e-004	1.94232165813446e-002	3.39286430971697e-004	
260.1380004882813	8.147729095071554e-004	4.482632502913475e-004	1.359599293209612e-003	5.006256396882236e-004	1.879121060483158e-003	2.543227002024651e-002	2.620389859657735e-004	1.959657855331898e-002	3.981970949098468e-004	
268.5299987792969	7.50926265027374e-004	4.061594372615218e-004	1.21726281940937e-003	4.499538335949183e-004	1.776881283149123e-003	2.481220476329327e-002	2.599367580842227e-004	1.917635463178158e-002	3.673400788102299e-004	
276.9219970703125	7.578307995572686e-004	4.059518105350435e-004	1.303371042013168e-003	4.774580884259194e-004	1.764070475474e-003	2.363326027989388e-002	2.54556187428534e-004	1.825470477342606e-002	3.755861253011972e-004	
285.31298828125	7.471972494386137e-004	3.999900945927948e-004	1.235956326127052e-003	4.416642186697573e-004	1.670336700044572e-003	2.31736171990633e-002	2.519394329283387e-004	1.789112202823162e-002	3.440989239607006e-004	
293.7049865722656	7.097916095517576e-004	3.771964984480292e-004	1.173546654172242e-003	4.293483216315508e-004	1.624547876417637e-003	2.211434580385685e-002	2.322992659173906e-004	1.706657372415066e-002	3.258908109273762e-004	
302.0960083007813	8.108105976134539e-004	4.473140579648316e-004	1.397134037688375e-003	5.114027881063521e-004	1.924172975122929e-003	2.274111285805702e-002	2.830910962074995e-004	1.754730567336083e-002	3.915061824955046e-004	
310.4880065917969	8.388822316192091e-004	4.590453172568232e-004	1.425248454324901e-003	5.176648264750838e-004	2.011319389566779e-003	2.278663404285908e-002	2.924852888099849e-004	1.759175397455692e-002	4.08277555834502e-004	
318.8789978027344	8.18356522358954e-004	4.252164217177779e-004	1.343849464319646e-003	5.088861216790974e-004	1.872313674539328e-003	2.157927118241787e-002	2.861195534933358e-004	1.668658666312695e-002	3.721087123267353e-004	
327.27099609375	7.676486275158823e-004	4.176084185019136e-004	1.282616634853184e-003	4.682652652263641e-004	1.773492782376707e-003	2.040249854326248e-002	2.490580664016306e-004	1.576899364590645e-002	3.577735915314406e-004	
