Trace for Mass:	116Sn	117Sn	118Sn	119Sn	120Sn	121Sb	122Sn	123Sb	124Sn
Resolution:	High	High	High	High	High	High	High	High	High
									
Time	Intensity	Intensity	Intensity	Intensity	Intensity	Intensity	Intensity	Intensity	Intensity
[sec]	[cps]	[cps]	[cps]	[cps]	[cps]	[cps]	[cps]	[cps]	[cps]

0.	5.215703858993948e-004	2.864214475266635e-004	8.753399597480893e-004	3.544793580658734e-004	1.218321034684777e-003	2.242757380008698e-002	1.753361575538293e-004	1.731734536588192e-002	2.484020660631359e-004	
8.392000198364258	5.786221008747816e-004	3.039360453840345e-004	9.102235198952258e-004	3.565663937479258e-004	1.330795581452549e-003	2.225202694535255e-002	2.024722343776375e-004	1.715338043868542e-002	2.778264752123505e-004	
16.78300094604492	4.385686770547181e-004	2.528168261051178e-004	7.631835760548711e-004	2.751260763034225e-004	1.018881681375206e-003	2.130435034632683e-002	1.581523247295991e-004	1.645077578723431e-002	2.047080342890695e-004	
25.17499923706055	4.059139755554497e-004	2.386693959124386e-004	6.639807252213359e-004	2.570824581198394e-004	9.178103064186871e-004	2.056428790092468e-002	1.331357343588024e-004	1.586872525513172e-002	1.838887546909973e-004	
33.56600189208984	4.682967555709183e-004	2.41694608121179e-004	7.833481067791581e-004	2.655491407494992e-004	1.000948599539697e-003	1.98519192636013e-002	1.803928753361106e-004	1.532872766256332e-002	2.244420029455796e-004	
41.95700073242188	4.288391501177102e-004	2.592825621832162e-004	6.84733793605119e-004	2.672365808393806e-004	9.741166140884161e-004	1.933638565242291e-002	1.395747385686263e-004	1.494294311851263e-002	2.317488106200472e-004	
50.34799957275391	3.915677953045815e-004	2.533655206207186e-004	7.015128503553569e-004	2.723580691963434e-004	9.314632043242455e-004	1.889082603156567e-002	1.179498722194694e-004	1.45836416631937e-002	2.120440331054851e-004	
58.73899841308594	3.491131355985999e-004	2.058671525446698e-004	5.986310425214469e-004	2.246965450467542e-004	8.473948109894991e-004	1.807044260203838e-002	1.446024689357728e-004	1.394888944923878e-002	1.9474582222756e-004	
67.13099670410156	3.883199242409319e-004	2.205331256845966e-004	6.16881821770221e-004	2.52242258284241e-004	9.329190943390131e-004	1.773045957088471e-002	1.347969373455271e-004	1.368935871869326e-002	2.092563372571021e-004	
75.52200317382813	3.771927149500698e-004	1.852254208642989e-004	5.315155722200871e-004	2.331185678485781e-004	8.321981877088547e-004	1.757321506738663e-002	1.222571736434475e-004	1.356401853263378e-002	1.772571995388717e-004	
83.91400146484375	3.813726943917573e-004	2.231727266917005e-004	6.195310852490366e-004	2.549953933339566e-004	8.269395912066102e-004	1.708981022238731e-002	1.161269974545576e-004	1.319458056241274e-002	1.956701453309506e-004	
92.30599975585938	3.93155321944505e-004	1.993424230022356e-004	6.421974394470453e-004	2.243561175419018e-004	8.522821008227766e-004	1.673286780714989e-002	1.321360759902746e-004	1.29337115213275e-002	2.026246074819937e-004	
100.6969985961914	4.540516238193959e-004	2.425992133794352e-004	7.075474713928998e-004	2.749780542217195e-004	1.034757122397423e-003	1.658030040562153e-002	1.574173511471599e-004	1.279629208147526e-002	2.288583491463214e-004	
109.088996887207	4.37155831605196e-004	2.238548622699454e-004	7.381620234809816e-004	2.662152401171625e-004	9.369600447826088e-004	1.644131168723106e-002	1.60239651449956e-004	1.268262881785631e-002	2.081999555230141e-004	
117.4800033569336	3.886257763952017e-004	2.163216413464397e-004	6.117303855717182e-004	2.516057866159827e-004	8.514650980941951e-004	1.59766748547554e-002	1.323859905824065e-004	1.235214248299599e-002	1.971079909708351e-004	
125.8720016479492	3.625557001214474e-004	2.165885671274737e-004	5.5550632532686e-004	2.41437039221637e-004	8.220077725127339e-004	1.506111398339272e-002	1.227716857101768e-004	1.162328012287617e-002	1.630992628633976e-004	
134.2630004882813	3.625557001214474e-004	1.838463504100218e-004	5.78908424358815e-004	2.384767140028998e-004	8.61224951222539e-004	1.463133096694946e-002	1.128928706748411e-004	1.13007202744484e-002	2.073489886242896e-004	
142.6549987792969	4.080549988429993e-004	2.153429086320102e-004	6.255656480789185e-004	2.733646251726896e-004	9.057472343556583e-004	1.449946686625481e-002	1.439997286070138e-004	1.121238246560097e-002	1.77712005097419e-004	
151.0460052490234	4.40345611423254e-004	2.29119264986366e-004	6.881190347485244e-004	2.64720234554261e-004	9.748000302352011e-004	1.443947851657867e-002	1.548344444017857e-004	1.116890739649534e-002	1.853559224400669e-004	
159.4369964599609	4.533524916041642e-004	2.404637634754181e-004	6.33513554930687e-004	2.894398348871619e-004	1.006965874694288e-003	1.435570139437914e-002	1.818922610254958e-004	1.111390255391598e-002	2.062192361336201e-004	
167.8280029296875	4.381462640594691e-004	2.269986725877971e-004	8.105775923468173e-004	2.712479326874018e-004	1.014632405713201e-003	1.37221897020936e-002	1.319155708188191e-004	1.059577241539955e-002	2.174140245188028e-004	
176.218994140625	4.336601996328682e-004	2.291934069944546e-004	6.851752987131476e-004	2.494003274478018e-004	9.470624499954283e-004	1.3652129098773e-002	1.379723398713395e-004	1.053489092737436e-002	2.037396770901978e-004	
184.6109924316406	3.830621426459402e-004	2.14097264688462e-004	6.73253380227834e-004	2.499627880752087e-004	8.999682613648474e-004	1.295638829469681e-002	1.266526815015823e-004	9.993451647460461e-003	2.105181338265538e-004	
193.0019989013672	3.659054345916957e-004	1.866638049250469e-004	6.080507882870734e-004	2.228167868452147e-004	8.199578733183444e-004	1.260180585086346e-002	1.41441763844341e-004	9.735769592225552e-003	1.864269434008747e-004	
201.3930053710938	3.889170475304127e-004	2.269393589813262e-004	6.912099197506905e-004	2.543737355154008e-004	9.076042333617806e-004	1.209474075585604e-002	1.482042280258611e-004	9.363989345729351e-003	1.977535430341959e-004	
209.7850036621094	3.645801043603569e-004	2.09767182241194e-004	5.771422293037176e-004	2.295366139151156e-004	8.331191493198276e-004	1.17995897307992e-002	1.342236064374447e-004	9.128323756158352e-003	1.881435309769586e-004	
218.177001953125	3.428652416914702e-004	1.779149170033634e-004	5.165029433555901e-004	2.184651966672391e-004	8.032316109165549e-004	1.152345631271601e-002	1.275935355806723e-004	8.907301351428032e-003	1.818787422962487e-004	
226.5679931640625	5.870410241186619e-004	3.280506352894008e-004	1.028269180096686e-003	3.653585445135832e-004	1.368507742881775e-003	1.138198375701904e-002	2.118950651492924e-004	8.771123364567757e-003	2.957989927381277e-004	
234.9600067138672	6.266314303502441e-004	3.554286668077111e-004	1.056235283613205e-003	3.976563748437911e-004	1.451589516364038e-003	1.145385392010212e-002	1.948282006196678e-004	8.845151402056217e-003	3.12451331410557e-004	
243.3509979248047	4.612906777765602e-004	2.472556952852756e-004	7.078418275341392e-004	2.782049123197794e-004	1.032290980219841e-003	1.143176387995482e-002	1.489392889197916e-004	8.837927132844925e-003	2.40508234128356e-004	
251.7429962158203	3.717602521646768e-004	1.865748345153406e-004	6.189423729665577e-004	2.496075467206538e-004	8.429234148934484e-004	1.165864802896977e-002	1.330034283455461e-004	9.022264741361141e-003	1.888037659227848e-004	
260.1340026855469	4.550275043584406e-004	2.389659930486232e-004	6.881190347485244e-004	2.816538326442242e-004	1.026028185151517e-003	1.090160664170981e-002	1.580494281370193e-004	8.43161903321743e-003	1.918114721775055e-004	
268.5249938964844	4.133711336180568e-004	2.320258208783343e-004	6.922401953488588e-004	2.399124641669914e-004	9.682035888545215e-004	1.072628330439329e-002	1.557165232952684e-004	8.289764635264874e-003	1.95508764591068e-004	
276.9159851074219	3.339813556522131e-004	1.832235575420782e-004	5.04433992318809e-004	2.16659449506551e-004	7.594609633088112e-004	1.027293130755425e-002	1.167444206657819e-004	7.935591973364353e-003	1.380702888127416e-004	
285.3080139160156	6.252330495044589e-004	3.18989041261375e-004	1.037247711792588e-003	3.792870556935668e-004	1.450504758395255e-003	1.00922379642725e-002	2.160993608413264e-004	7.779568433761597e-003	2.890794421546161e-004	
293.6990051269531	4.372286784928292e-004	2.469442842993885e-004	7.071059080772102e-004	2.683023340068758e-004	9.862399892881513e-004	9.88862756639719e-003	1.475720928283408e-004	7.637770846486092e-003	1.856200105976313e-004	
302.0899963378906	4.214401124045253e-004	2.20666581299156e-004	6.795822991989553e-004	2.510877384338528e-004	9.177211904898286e-004	1.00138820707798e-002	1.476308971177787e-004	7.740925531834364e-003	1.856933668022975e-004	
310.4819946289063	4.260135174263269e-004	2.476264489814639e-004	6.915042758919299e-004	2.419847005512565e-004	9.012310183607042e-004	9.270943701267242e-003	1.167297232314013e-004	7.152520585805178e-003	1.893466105684638e-004	
318.8729858398438	4.073267336934805e-004	2.187536156270653e-004	6.710456218570471e-004	2.295070007676259e-004	9.007110493257642e-004	9.057478979229927e-003	1.344294141745195e-004	7.01012322679162e-003	1.839034230215475e-004	
327.2640075683594	4.055352765135467e-004	2.268948737764731e-004	5.930380430072546e-004	2.451078325975686e-004	8.744165534153581e-004	8.919144049286842e-003	1.371049875160679e-004	6.899700965732336e-003	1.945550902746618e-004	
