Trace for Mass:	116Sn	117Sn	118Sn	119Sn	120Sn	121Sb	122Sn	123Sb	124Sn
Resolution:	High	High	High	High	High	High	High	High	High
									
Time	Intensity	Intensity	Intensity	Intensity	Intensity	Intensity	Intensity	Intensity	Intensity
[sec]	[cps]	[cps]	[cps]	[cps]	[cps]	[cps]	[cps]	[cps]	[cps]

0.	4.399378085508943e-004	2.588376810308546e-004	7.087249541655183e-004	2.803068200591952e-004	1.017886213958263e-003	4.940775409340859e-002	1.789228990674019e-004	3.816347569227219e-002	2.232095284853131e-004	
8.390999794006348	4.045303212478757e-004	2.291934069944546e-004	6.61772966850549e-004	2.752296859398484e-004	9.135465952567756e-004	4.786522313952446e-002	1.549079461256042e-004	3.695857897400856e-002	1.948191784322262e-004	
16.7819995880127	3.668084100354463e-004	1.963618124136701e-004	5.996613181196153e-004	2.328669361304492e-004	8.125602616928518e-004	4.702135920524597e-002	1.417651801602915e-004	3.631971403956413e-002	1.678527769399807e-004	
25.17399978637695	3.697795036714524e-004	2.041321567958221e-004	5.825880216434598e-004	2.388319553574547e-004	8.302076021209359e-004	4.582231864333153e-002	1.208899993798696e-004	3.535053506493568e-002	1.845783262979239e-004	
33.56600189208984	3.618420450948179e-004	2.21556329051964e-004	5.683112540282309e-004	2.404897240921855e-004	8.120255079120398e-004	4.455830156803131e-002	1.121725435950793e-004	3.440579399466515e-002	1.799861056497321e-004	
41.95700073242188	3.771490301005542e-004	2.007215080084279e-004	6.299811648204923e-004	2.440717216813937e-004	8.216958376578987e-004	4.315591976046562e-002	1.293870300287381e-004	3.331520780920982e-002	1.875419984571636e-004	
50.3489990234375	3.789404290728271e-004	2.274583821417764e-004	5.973063525743783e-004	2.313275908818469e-004	8.517918759025633e-004	4.236078262329102e-002	1.591077889315784e-004	3.270912915468216e-002	1.914593449328095e-004	
58.7400016784668	4.043846565764397e-004	2.322482614545152e-004	6.719286902807653e-004	2.541072899475694e-004	9.147053933702409e-004	4.197674244642258e-002	1.250062050530687e-004	3.23832742869854e-002	1.775359560269862e-004	
67.13200378417969	5.189050571061671e-004	2.742162614595145e-004	8.76664649695158e-004	3.270236484240741e-004	1.170194474980235e-003	4.209456220269203e-002	1.982827088795602e-004	3.252309560775757e-002	2.273911231895909e-004	
75.52300262451172	4.356410645414144e-004	2.563611196819693e-004	7.605342543683946e-004	2.932144270744175e-004	1.009343075565994e-003	4.064302891492844e-002	1.510121510364115e-004	3.138776496052742e-002	2.224025665782392e-004	
83.91400146484375	3.99767654016614e-004	2.063120191451162e-004	6.806125747971237e-004	2.457443042658269e-004	9.001317084766924e-004	3.938503935933113e-002	1.170531322713941e-004	3.040380775928497e-002	1.818053860915825e-004	
92.30599975585938	3.809066256508231e-004	1.77618334419094e-004	6.597123574465513e-004	2.152237284462899e-004	8.103172294795513e-004	3.793464601039887e-002	1.398834574501962e-004	2.926996722817421e-002	1.926330878632143e-004	
100.6969985961914	3.619003109633923e-004	1.94923413801007e-004	6.030465010553598e-004	2.278640458825976e-004	8.018501685000956e-004	3.701913356781006e-002	1.171707408502698e-004	2.856842055916786e-002	1.683075970504433e-004	
109.088996887207	3.855526738334447e-004	2.266131050419062e-004	6.85469713062048e-004	2.47180083533749e-004	8.465480641461909e-004	3.75128947198391e-002	1.07306674181018e-004	2.896629646420479e-002	2.051775372819975e-004	
117.4800033569336	3.731292672455311e-004	2.175079716835171e-004	6.963613559491932e-004	2.425915590720251e-004	8.950658375397325e-004	3.705673664808273e-002	1.37090275529772e-004	2.861952967941761e-002	2.22226488403976e-004	
125.8720016479492	4.160365206189454e-004	2.368750283494592e-004	7.050452986732125e-004	2.889217284973711e-004	9.34672134462744e-004	3.583655878901482e-002	1.449994015274569e-004	2.763764187693596e-002	1.852825516834855e-004	
134.2630004882813	3.602691285777837e-004	2.076169766951352e-004	6.124663050286472e-004	2.327189286006615e-004	8.396404446102679e-004	3.469868004322052e-002	1.398687600158155e-004	2.678417600691319e-002	2.071582421194762e-004	
142.6549987792969	3.46884859027341e-004	2.024120040005073e-004	5.806746194139123e-004	2.308539405930787e-004	7.898558396846056e-004	3.430390730500221e-002	1.068362544174306e-004	2.648468315601349e-002	1.652706123422831e-004	
151.0460052490234	3.556960145942867e-004	1.967918506124988e-004	6.402840372174978e-004	2.257030428154394e-004	8.08237586170435e-004	3.331315144896507e-002	1.011471904348582e-004	2.56882905960083e-002	1.89053185749799e-004	
159.4369964599609	4.076762998010963e-004	1.9739982963074e-004	6.641279323957861e-004	2.418366784695536e-004	8.684000931680203e-004	3.142226487398148e-002	1.197433521156199e-004	2.427413500845432e-002	1.755699631758034e-004	
167.8289947509766	3.993889840785414e-004	1.972663740161806e-004	6.27479050308466e-004	2.442937402520329e-004	8.58031096868217e-004	3.100924007594585e-002	1.459549675928429e-004	2.39555686712265e-002	2.0971117191948e-004	
176.2200012207031	4.167938895989209e-004	2.167665079468861e-004	7.219716208055615e-004	2.681394980754703e-004	9.160721674561501e-004	3.113984875380993e-002	1.497478515375406e-004	2.404159866273403e-002	2.092856884701178e-004	
184.6109924316406	3.31913324771449e-004	2.019967942032963e-004	5.684584612026811e-004	2.229795936727896e-004	7.704244344495237e-004	2.995618991553783e-002	1.373549021081999e-004	2.315551228821278e-002	1.643903378862888e-004	
193.0030059814453	3.260878729633987e-004	1.615443034097552e-004	5.684584612026811e-004	1.918232737807557e-004	7.54380424041301e-004	2.884094230830669e-002	1.183026906801388e-004	2.224914729595184e-002	1.729584473650903e-004	
201.3939971923828	3.99767654016614e-004	2.261237386846915e-004	6.570630357600749e-004	2.406525454716757e-004	8.842063252814114e-004	2.832232229411602e-002	1.310482184635475e-004	2.186493948101997e-002	2.050454786513001e-004	
209.7850036621094	3.552882408257574e-004	2.030199830187485e-004	5.961289280094206e-004	2.211442333646119e-004	7.977206842042506e-004	2.901699766516686e-002	1.028377373586409e-004	2.238685823976994e-002	1.691438665147871e-004	
218.177001953125	3.455303958617151e-004	1.873904111562297e-004	5.847957800142467e-004	2.172810927731916e-004	7.977652130648494e-004	2.771455049514771e-002	1.30283777252771e-004	2.141875214874744e-002	1.627471501706168e-004	
226.5679931640625	4.129196458961815e-004	2.270579861942679e-004	7.07694620359689e-004	2.629144000820816e-004	9.711898164823651e-004	2.662897482514381e-002	1.505564141552895e-004	2.054735645651817e-002	1.787390210665762e-004	
234.9600067138672	3.572106943465769e-004	1.900299248518422e-004	5.921549745835364e-004	2.128111227648333e-004	7.542764069512487e-004	2.575870044529438e-002	1.058513298630714e-004	1.987191662192345e-002	1.7625953478273e-004	
243.3509979248047	3.590748819988221e-004	1.78641508682631e-004	6.015747203491628e-004	2.209814119851217e-004	8.081187261268497e-004	2.579258941113949e-002	1.274906244361773e-004	1.990638673305512e-002	1.688651100266725e-004	
251.7420043945313	3.529871173668653e-004	1.878649345599115e-004	5.942155257798731e-004	2.208186051575467e-004	7.921585347503424e-004	2.471320517361164e-002	1.254619273822755e-004	1.908202283084393e-002	1.686010218691081e-004	
260.1340026855469	3.537007723934948e-004	1.840836193878204e-004	5.943626747466624e-004	1.917196641443297e-004	7.773175020702183e-004	2.404559031128883e-002	1.321801828453317e-004	1.859304308891296e-002	1.734279212541878e-004	
268.5260009765625	3.459381987340748e-004	2.102268772432581e-004	6.477904389612377e-004	2.327337278984487e-004	7.97468121163547e-004	2.338608913123608e-002	1.461019855923951e-004	1.807129383087158e-002	1.888477854663506e-004	
276.9169921875	4.021417116746306e-004	2.215415006503463e-004	6.470545195043087e-004	2.494743384886533e-004	8.968634065240622e-004	2.296284399926662e-002	1.337972789769992e-004	1.779071986675263e-002	2.127189509337768e-004	
285.3089904785156	3.875480033457279e-004	1.791605172911659e-004	5.761119537055492e-004	2.172366948798299e-004	8.128127665258944e-004	2.342207543551922e-002	1.077770866686478e-004	1.808214373886585e-002	1.690411590971053e-004	
293.7000122070313	3.365300071891397e-004	1.859371986938641e-004	5.515323719009757e-004	2.21736278035678e-004	7.797686848789454e-004	2.30496097356081e-002	1.337825815426186e-004	1.78239680826664e-002	1.810131216188893e-004	
302.0910034179688	3.577932366169989e-004	2.037910890066996e-004	5.532985669560731e-004	2.266503288410604e-004	7.558213546872139e-004	2.186918258666992e-002	1.058513298630714e-004	1.690015569329262e-002	1.856493472587317e-004	
310.4819946289063	3.89412249205634e-004	2.259013126604259e-004	5.372556624934077e-004	2.43879301706329e-004	8.511828491464257e-004	2.093044854700565e-002	1.427060487912968e-004	1.61555502563715e-002	1.765382912708446e-004	
318.8739929199219	4.116233612876386e-004	2.200289309257641e-004	7.203525747172535e-004	2.420438977424055e-004	8.75500962138176e-004	2.003313973546028e-002	1.569322630530223e-004	1.547872740775347e-002	1.73912092577666e-004	
327.2650146484375	3.710320452228189e-004	1.927139237523079e-004	6.834091036580503e-004	2.372629824094474e-004	8.469342719763517e-004	1.937881298363209e-002	1.183908898383379e-004	1.496566645801067e-002	1.833752467064187e-004	
