Trace for Mass:	60Ni	61Ni	62Ni	63Cu	64Ni	65Cu	66Zn
Resolution:	High	High	High	High	High	High	High
							
Time	Intensity	Intensity	Intensity	Intensity	Intensity	Intensity	Intensity
[sec]	[cps]	[cps]	[cps]	[cps]	[cps]	[cps]	[cps]

0.	8.802081108093262	0.392075777053833	1.280106544494629	10.27165985107422	0.3418609797954559	4.797236442565918	3.961823531426489e-004	
8.390000343322754	8.737882614135742	0.3891873061656952	1.270699501037598	10.19331455230713	0.3393592238426209	4.760810375213623	3.936969733331353e-004	
16.7810001373291	8.622474670410156	0.3841141760349274	1.253950476646423	10.05387306213379	0.335018664598465	4.695946216583252	4.230070335324854e-004	
25.17200088500977	8.509709358215332	0.3790693879127502	1.237686991691589	9.917624473571777	0.3314816355705261	4.632706642150879	9.052908280864358e-004	
33.5629997253418	8.712663650512695	0.3881033957004547	1.26707661151886	10.16169834136963	0.3409655392169952	4.746185779571533	1.898957998491824e-003	
41.95399856567383	8.793550491333008	0.3917632400989533	1.278712391853333	10.26532077789307	0.3466503918170929	4.794488906860352	3.474425990134478e-003	
50.34500122070313	8.767273902893066	0.3905154168605804	1.274940848350525	10.2347297668457	0.3485322594642639	4.780084133148193	5.192153621464968e-003	
58.73600006103516	8.808013916015625	0.3922719061374664	1.280800342559815	10.2829065322876	0.3565183877944946	4.802428722381592	8.949918672442436e-003	
67.12699890136719	8.789061546325684	0.3915157318115234	1.278138637542725	10.26076698303223	0.3649806082248688	4.792203903198242	1.443646382540464e-002	
75.51799774169922	8.659873008728027	0.3857525885105133	1.259477019309998	10.10962581634522	0.3700388967990875	4.721991539001465	2.033193595707417e-002	
83.90799713134766	8.630010604858398	0.3844566345214844	1.255045056343079	10.06830501556397	0.3892246782779694	4.702256679534912	3.234589472413063e-002	
92.29900360107422	8.6895751953125	0.3870983123779297	1.263673901557922	10.13442325592041	0.4166019260883331	4.733282089233398	4.709911346435547e-002	
100.6900024414063	8.793410301208496	0.3917115926742554	1.278720617294312	10.2513313293457	0.4422121047973633	4.787721157073975	5.990035459399223e-002	
109.0810012817383	8.879212379455566	0.3954941332340241	1.291221261024475	10.34769058227539	0.4622536599636078	4.832573413848877	6.972341984510422e-002	
117.4720001220703	8.877032279968262	0.3954314887523651	1.290897965431213	10.34423637390137	0.4722065329551697	4.830752372741699	7.572182267904282e-002	
125.8629989624023	8.895244598388672	0.396199494600296	1.293526530265808	10.36281871795654	0.4784802496433258	4.839288234710693	7.892189174890518e-002	
134.2530059814453	8.919576644897461	0.3973308503627777	1.296907186508179	10.38225841522217	0.4827117323875427	4.848400115966797	8.096074312925339e-002	
142.6439971923828	8.950376510620117	0.3986285924911499	1.301539301872253	10.41683101654053	0.4789894819259644	4.86424732208252	7.805389910936356e-002	
151.0339965820313	8.926754951477051	0.3975886404514313	1.298060536384583	10.39963436126709	0.4650271236896515	4.856512546539307	7.037578523159027e-002	
159.4250030517578	8.929471015930176	0.3977837860584259	1.298354387283325	10.40696144104004	0.4514095485210419	4.859752655029297	6.226906180381775e-002	
167.8159942626953	8.902976036071777	0.3965533077716827	1.294506430625916	10.38323307037354	0.437139093875885	4.848795413970947	5.442097783088684e-002	
176.2070007324219	8.884209632873535	0.3957172632217407	1.291731953620911	10.36179447174072	0.4246500432491303	4.838850975036621	4.748700559139252e-002	
184.5980072021484	8.909296989440918	0.3967975080013275	1.295418500900269	10.39625930786133	0.4161541163921356	4.854901313781738	4.187086969614029e-002	
192.9889984130859	8.931826591491699	0.3978171050548554	1.29865026473999	10.42661476135254	0.4098685383796692	4.868957996368408	3.76899391412735e-002	
201.3800048828125	8.944499015808106	0.3983522057533264	1.300408124923706	10.44848346710205	0.4047276377677918	4.878664493560791	3.435487672686577e-002	
209.77099609375	8.928132057189941	0.3976396024227142	1.298025012016296	10.43443012237549	0.3989584445953369	4.872503280639648	3.136994689702988e-002	
218.1609954833984	8.977963447570801	0.3999100923538208	1.30525529384613	10.49121189117432	0.3974556028842926	4.899021625518799	2.929910644888878e-002	
226.552001953125	9.069189071655273	0.4039053618907929	1.318630576133728	10.60151863098145	0.3990082740783691	4.950304985046387	2.816042676568031e-002	
234.9429931640625	8.99509334564209	0.4005836546421051	1.307844877243042	10.5185718536377	0.3954671323299408	4.911633014678955	2.771450951695442e-002	
243.3339996337891	8.943326950073242	0.39830282330513	1.300312399864197	10.46736907958984	0.3982985615730286	4.88771915435791	3.058615326881409e-002	
251.7239990234375	8.894101142883301	0.3961771726608276	1.293089747428894	10.42053413391113	0.4142867624759674	4.866062641143799	4.113838449120522e-002	
260.114990234375	8.854952812194824	0.3943992555141449	1.28761088848114	10.3832426071167	0.4337852001190186	4.849264144897461	5.348285660147667e-002	
268.5060119628906	8.86859130859375	0.3949592411518097	1.289548635482788	10.40431976318359	0.4489041566848755	4.858920097351074	6.217603385448456e-002	
276.8970031738281	8.858746528625488	0.3945918679237366	1.288190364837647	10.39863586425781	0.456562340259552	4.856031894683838	6.688814610242844e-002	
285.2879943847656	8.867232322692871	0.3949355185031891	1.289381265640259	10.40595149993897	0.4602926671504974	4.859556198120117	6.887313723564148e-002	
293.6789855957031	8.838938713073731	0.3937149047851563	1.285323977470398	10.37407684326172	0.4583884477615356	4.84476900100708	6.842382997274399e-002	
302.0700073242188	8.913866996765137	0.3970431387424469	1.29612123966217	10.46354007720947	0.458710104227066	4.886218547821045	6.690748035907745e-002	
310.4599914550781	9.050290107727051	0.4030312299728394	1.315760731697083	10.62388324737549	0.4597101807594299	4.960630893707275	6.44320473074913e-002	
318.8510131835938	9.06641960144043	0.4038240015506744	1.318094730377197	10.64879131317139	0.4535082578659058	4.972129344940186	6.039751693606377e-002	
327.2420043945313	9.073053359985352	0.4040582478046417	1.318942904472351	10.6562614440918	0.4460413455963135	4.975058555603027	5.587893351912499e-002	
335.6329956054688	9.057893753051758	0.4034289717674255	1.31681215763092	10.631760597229	0.4376845359802246	4.963772773742676	5.127371102571487e-002	
344.0239868164063	9.001578330993652	0.4009527266025543	1.308727264404297	10.55302906036377	0.4274539947509766	4.927700042724609	4.651098325848579e-002	
352.4150085449219	8.999665260314941	0.4008071720600128	1.308432459831238	10.55167388916016	0.4203992486000061	4.92663049697876	4.235014319419861e-002	
360.8059997558594	8.993656158447266	0.4005448222160339	1.307573080062866	10.53961277008057	0.4135380685329437	4.921374320983887	3.844789415597916e-002	
369.1960144042969	8.99284553527832	0.4005175828933716	1.307466268539429	10.53563117980957	0.4076420962810516	4.919331073760986	3.497116267681122e-002	
377.5870056152344	8.99644660949707	0.4006717205047607	1.307916045188904	10.533447265625	0.4025334417819977	4.918491840362549	3.190960362553597e-002	
385.97900390625	9.005056381225586	0.4010584056377411	1.309166550636292	10.54311752319336	0.3985361158847809	4.922787189483643	2.9347138479352e-002	
394.3699951171875	9.023642539978027	0.4018971621990204	1.311826944351196	10.56381607055664	0.3955551683902741	4.93207311630249	2.714862674474716e-002	
402.760009765625	8.970828056335449	0.3995781540870667	1.30425488948822	10.49716091156006	0.3902044296264648	4.901395320892334	2.517944015562534e-002	
411.1510009765625	8.974638938903809	0.3996998369693756	1.304842472076416	10.49891662597656	0.3879483342170715	4.902186870574951	2.376990951597691e-002	
419.5419921875	8.957609176635742	0.3989246189594269	1.302268266677856	10.47372913360596	0.3854794800281525	4.890511512756348	2.270303480327129e-002	
427.9320068359375	8.988430976867676	0.4003463685512543	1.306850552558899	10.50965976715088	0.3858971893787384	4.906958103179932	2.229118533432484e-002	
436.322998046875	9.044671058654785	0.4028126895427704	1.314778327941895	10.57613372802734	0.3889118731021881	4.938104629516602	2.277244627475739e-002	
444.7139892578125	9.028600692749023	0.4020803868770599	1.312478184700012	10.56032943725586	0.3914533257484436	4.930599212646484	2.462197467684746e-002	
453.1050109863281	9.019484519958496	0.401712954044342	1.311262965202332	10.54268741607666	0.3960339426994324	4.922773838043213	2.751141786575317e-002	
461.4960021972656	8.999175071716309	0.400749146938324	1.308338761329651	10.52113437652588	0.4002435207366943	4.912648677825928	3.045633062720299e-002	
469.8869934082031	9.010589599609375	0.401370495557785	1.310025691986084	10.53301525115967	0.4051801860332489	4.918241500854492	3.312097862362862e-002	
478.2780151367188	8.977252006530762	0.3997892737388611	1.305097103118897	10.49706840515137	0.407104104757309	4.90137243270874	3.503734990954399e-002	
486.6679992675781	8.957793235778809	0.3989266455173492	1.302433729171753	10.47378158569336	0.4085882604122162	4.890610694885254	3.635291010141373e-002	
495.0589904785156	9.008212089538574	0.4012066721916199	1.309656500816345	10.53734970092773	0.4121146202087402	4.920143127441406	3.731227666139603e-002	
503.4500122070313	8.974691390991211	0.3997194468975067	1.304843664169312	10.49386978149414	0.4108680784702301	4.899980545043945	3.730282187461853e-002	
511.8410034179688	8.942023277282715	0.3982706367969513	1.300181269645691	10.45205307006836	0.4087435305118561	4.880471229553223	3.675168007612228e-002	
520.2329711914063	8.947616577148438	0.3984884917736054	1.30090069770813	10.46677112579346	0.4077092707157135	4.887294769287109	3.608374297618866e-002	
528.6229858398438	8.922396659851074	0.3974251449108124	1.297286510467529	10.43355846405029	0.4049814939498901	4.8717360496521	3.499317541718483e-002	
537.0139770507813	8.916652679443359	0.3971422612667084	1.296368956565857	10.42060089111328	0.4026603400707245	4.865675449371338	3.381050378084183e-002	
545.405029296875	8.940359115600586	0.3982371687889099	1.29982852935791	10.44979572296143	0.4015629887580872	4.879347801208496	3.259460255503655e-002	
553.7960205078125	8.950558662414551	0.3986615836620331	1.301224946975708	10.46260166168213	0.3997423648834229	4.885196208953857	3.127802163362503e-002	
562.18701171875	9.019442558288574	0.4016647934913635	1.311214804649353	10.54680347442627	0.4004130959510803	4.924402713775635	3.018348291516304e-002	
570.5780029296875	8.989487648010254	0.4004057943820953	1.306798934936523	10.51209163665772	0.3971119821071625	4.908071994781494	2.885529957711697e-002	
578.968017578125	8.990610122680664	0.4003902673721314	1.30708384513855	10.51028251647949	0.395239919424057	4.907400131225586	2.775056101381779e-002	
587.3590087890625	9.003203392028809	0.4009373784065247	1.308827757835388	10.52569103240967	0.3940960466861725	4.914527416229248	2.679864503443241e-002	
595.7490234375	9.122794151306152	0.4062404334545136	1.326095104217529	10.67089939117432	0.3975993692874908	4.981748104095459	2.61992122977972e-002	
604.1400146484375	9.102160453796387	0.4053449630737305	1.323026180267334	10.64874076843262	0.3956007957458496	4.971480369567871	2.54176277667284e-002	
612.531005859375	9.149538993835449	0.4074482321739197	1.330029726028442	10.70563220977783	0.3968123197555542	4.997808456420898	2.508945390582085e-002	
620.9219970703125	9.079582214355469	0.4043472409248352	1.319780349731445	10.62062835693359	0.3935000896453857	4.958402156829834	2.474143169820309e-002	
629.31298828125	9.083622932434082	0.4045236110687256	1.320361018180847	10.62309169769287	0.3939358592033386	4.959331512451172	2.490849606692791e-002	
637.7039794921875	9.041362762451172	0.4026311337947846	1.314424157142639	10.56923389434815	0.3927524983882904	4.93458890914917	2.510797791182995e-002	
646.094970703125	9.003743171691895	0.4009634554386139	1.308940291404724	10.52341079711914	0.3921530544757843	4.913177967071533	2.564887516200542e-002	
654.4849853515625	8.963505744934082	0.3991821110248566	1.303029537200928	10.479248046875	0.3916707634925842	4.892279624938965	2.625938318669796e-002	
662.8759765625	8.931990623474121	0.3978047966957092	1.298551440238953	10.44014739990234	0.3917835652828217	4.874324798583984	2.704546228051186e-002	
