Trace for Mass:	60Ni	61Ni	62Ni	63Cu	64Ni	65Cu	66Zn
Resolution:	High	High	High	High	High	High	High
							
Time	Intensity	Intensity	Intensity	Intensity	Intensity	Intensity	Intensity
[sec]	[cps]	[cps]	[cps]	[cps]	[cps]	[cps]	[cps]

0.	8.341615676879883	0.3716792762279511	1.213958501815796	9.749325752258301	0.3269652426242828	4.55587911605835	1.915459986776114e-003	
8.390999794006348	8.313340187072754	0.3704313337802887	1.209715247154236	9.717098236083984	0.3258237540721893	4.540958881378174	1.92017073277384e-003	
16.7819995880127	8.250180244445801	0.3676136136054993	1.200546860694885	9.643747329711914	0.3233354389667511	4.506810665130615	1.909380196593702e-003	
25.17300033569336	8.242484092712402	0.3672105967998505	1.199389100074768	9.636302947998047	0.3230378329753876	4.503256797790527	1.912265550345182e-003	
33.5629997253418	8.147030830383301	0.363040953874588	1.185612320899963	9.521081924438477	0.3192853927612305	4.449307441711426	1.877891831099987e-003	
41.95399856567383	8.124164581298828	0.3620205521583557	1.182266235351563	9.495128631591797	0.3183943033218384	4.437000751495361	1.871104934252799e-003	
50.34400177001953	8.18388843536377	0.3646120429039002	1.190962791442871	9.564336776733398	0.3207432925701141	4.469545841217041	1.894778339192271e-003	
58.73500061035156	8.298124313354492	0.3697615265846252	1.207558393478394	9.693458557128906	0.3252610564231873	4.529762744903565	1.904878066852689e-003	
67.12599945068359	8.272093772888184	0.3685504794120789	1.203676462173462	9.666034698486328	0.3242344260215759	4.516928195953369	1.931270584464073e-003	
75.51599884033203	8.160487174987793	0.3636087477207184	1.187517404556274	9.534819602966309	0.3198133111000061	4.455366134643555	1.901815761812031e-003	
83.90699768066406	8.006296157836914	0.3567245006561279	1.165040731430054	9.349631309509277	0.3136979937553406	4.368581771850586	1.866761827841401e-003	
92.29799652099609	8.122861862182617	0.3619538545608521	1.182016134262085	9.488103866577148	0.3183625936508179	4.433651447296143	1.88938993960619e-003	
100.6890029907227	8.083477973937988	0.3601578772068024	1.176314353942871	9.440976142883301	0.3168337047100067	4.411702632904053	1.869043800979853e-003	
109.0790023803711	8.092673301696777	0.3606661558151245	1.177587628364563	9.451295852661133	0.3171676695346832	4.415974140167236	1.887490740045905e-003	
117.4700012207031	8.052542686462402	0.3588162958621979	1.171677589416504	9.401941299438477	0.3155196905136108	4.3930344581604	1.875271322205663e-003	
125.8610000610352	8.074667930603027	0.3597865700721741	1.174931883811951	9.429622650146484	0.3164770603179932	4.405925273895264	1.879864605143666e-003	
134.2519989013672	8.177685737609863	0.3644168078899384	1.190041065216065	9.551902770996094	0.3205359578132629	4.463571548461914	1.901462441310287e-003	
142.6430053710938	8.234374046325684	0.3669175505638123	1.19828200340271	9.617831230163574	0.3227749168872833	4.494461536407471	1.929474528878927e-003	
151.0339965820313	8.221626281738281	0.3663287162780762	1.196448802947998	9.606849670410156	0.3222464919090271	4.489190101623535	1.911971135996282e-003	
159.4250030517578	8.205593109130859	0.3656454086303711	1.194035649299622	9.589211463928223	0.3216136991977692	4.48072624206543	1.911514787934721e-003	
167.8159942626953	8.266194343566895	0.3683465719223023	1.202975511550903	9.656463623046875	0.3240110576152802	4.51219654083252	1.926603959873319e-003	
176.2059936523438	8.38292407989502	0.3735286593437195	1.219904780387878	9.795981407165527	0.3286270797252655	4.578123092651367	1.963643124327064e-003	
184.5970001220703	8.408137321472168	0.3746518790721893	1.22355854511261	9.828072547912598	0.3295763432979584	4.592755317687988	1.953514758497477e-003	
192.9880065917969	8.399287223815918	0.3742461800575256	1.222279071807861	9.819192886352539	0.329277366399765	4.588839054107666	1.955487299710512e-003	
201.3789978027344	8.478513717651367	0.3777230978012085	1.233945727348328	9.915554046630859	0.3323442935943604	4.633985042572022	1.975803403183818e-003	
209.7700042724609	8.450824737548828	0.3765734434127808	1.229760050773621	9.882181167602539	0.331294596195221	4.618064880371094	1.970798010006547e-003	
218.1609954833984	8.413594245910645	0.3749371767044067	1.224411725997925	9.839962959289551	0.3297922313213348	4.598379611968994	1.956223510205746e-003	
226.552001953125	8.404755592346191	0.3745019137859345	1.223159551620483	9.823593139648438	0.3295077979564667	4.590749740600586	1.981721725314856e-003	
234.9429931640625	8.350089073181152	0.3720984756946564	1.215176463127136	9.760075569152832	0.327301949262619	4.560775279998779	1.962818671017885e-003	
243.3339996337891	8.323436737060547	0.3708652257919312	1.211250185966492	9.724889755249023	0.3262210190296173	4.544571876525879	1.934568164870143e-003	
251.7250061035156	8.323311805725098	0.3708660304546356	1.211264967918396	9.728341102600098	0.3262356519699097	4.546036243438721	1.976333558559418e-003	
260.1159973144531	8.381787300109863	0.3734822869300842	1.219789862632752	9.80046558380127	0.3285393714904785	4.580045700073242	1.943268463946879e-003	
268.5060119628906	8.38421630859375	0.3736467361450195	1.220150351524353	9.802029609680176	0.3286256790161133	4.580719947814941	1.970798010006547e-003	
276.8970031738281	8.397893905639648	0.3742252588272095	1.222123622894287	9.814654350280762	0.3291785717010498	4.586599826812744	1.961037516593933e-003	
285.2879943847656	8.363256454467773	0.372664600610733	1.217053055763245	9.772071838378906	0.3277663886547089	4.566437721252441	1.962303416803479e-003	
293.6789855957031	8.346475601196289	0.3719360828399658	1.214625716209412	9.751521110534668	0.3271438479423523	4.556662082672119	1.948362099938095e-003	
302.0700073242188	8.309558868408203	0.3702527582645416	1.209272980690002	9.706225395202637	0.3256822824478149	4.535515308380127	1.952425227500498e-003	
310.4609985351563	8.350378036499023	0.3720524907112122	1.215180993080139	9.756166458129883	0.3272773623466492	4.559035778045654	1.952601945959032e-003	
318.8519897460938	8.411574363708496	0.3748219013214111	1.224171161651611	9.833181381225586	0.3297374248504639	4.594942569732666	1.963495975360274e-003	
327.2430114746094	8.440274238586426	0.3761149644851685	1.228223443031311	9.865659713745117	0.3308906257152557	4.61021089553833	1.96529203094542e-003	
340.0029907226563	8.357281684875488	0.3724085986614227	1.216263651847839	9.767467498779297	0.3276239335536957	4.56459903717041	1.9365408224985e-003	
348.3940124511719	8.357848167419434	0.37242192029953	1.216366767883301	9.76969051361084	0.3275964260101318	4.565311908721924	1.973565667867661e-003	
356.7850036621094	8.40010929107666	0.3743530213832855	1.222460389137268	9.817805290222168	0.3292936086654663	4.58808183670044	1.985991140827537e-003	
365.1759948730469	8.414583206176758	0.3749045133590698	1.224548578262329	9.834697723388672	0.3298558592796326	4.595996379852295	1.966926269233227e-003	
373.5660095214844	8.391053199768066	0.3738781213760376	1.221055626869202	9.808813095092773	0.3288868069648743	4.583685874938965	1.983694499358535e-003	
381.9570007324219	8.394074440002441	0.3740235865116119	1.221558451652527	9.810042381286621	0.3290222585201263	4.584412097930908	1.965954434126616e-003	
390.3479919433594	8.362868309020996	0.3726714253425598	1.217011094093323	9.77658748626709	0.3278102278709412	4.568753242492676	1.93138828035444e-003	
398.739013671875	8.376748085021973	0.373264878988266	1.21914005279541	9.792507171630859	0.3283594250679016	4.576195240020752	1.945197000168264e-003	
407.1289978027344	8.433423042297363	0.3757576942443848	1.22726833820343	9.85871696472168	0.3305463790893555	4.607094287872315	1.974007347598672e-003	
415.52099609375	8.434120178222656	0.3758761584758759	1.227401256561279	9.859496116638184	0.3306428790092468	4.607432365417481	1.988626318052411e-003	
423.9110107421875	8.426530838012695	0.3755141496658325	1.226246953010559	9.85114860534668	0.3303122520446777	4.603542327880859	1.958048902451992e-003	
432.3030090332031	8.405765533447266	0.3745684325695038	1.223247051239014	9.826422691345215	0.3295181393623352	4.591987133026123	1.973919104784727e-003	
440.6929931640625	8.357317924499512	0.3723714053630829	1.216270923614502	9.771082878112793	0.3276014626026154	4.566174983978272	1.933081308379769e-003	
449.0840148925781	8.326329231262207	0.3709831833839417	1.211645126342773	9.738116264343262	0.3263804316520691	4.550714492797852	1.930298982188106e-003	
457.4750061035156	8.324953079223633	0.370900571346283	1.211411476135254	9.739209175109863	0.3263354003429413	4.551303863525391	1.946757431142032e-003	
465.8659973144531	8.338113784790039	0.3715161383152008	1.213452816009522	9.755448341369629	0.3267978429794312	4.558792591094971	1.957268686965108e-003	
474.2569885253906	8.368168830871582	0.3728809058666229	1.217801213264465	9.789101600646973	0.3279866874217987	4.574706077575684	1.958490582183003e-003	
482.6480102539063	8.340144157409668	0.3716284334659576	1.213723659515381	9.753767013549805	0.3269186913967133	4.558108806610107	1.953352708369494e-003	
491.0390014648438	8.301502227783203	0.3698795139789581	1.208135485649109	9.703929901123047	0.3254155814647675	4.534902572631836	1.933493418619037e-003	
499.4299926757813	8.329282760620117	0.3711449801921845	1.212044596672058	9.734323501586914	0.3265100717544556	4.548852920532227	1.963687362149358e-003	
507.8210144042969	8.342937469482422	0.3717708289623261	1.214166522026062	9.752560615539551	0.3270184397697449	4.557431221008301	1.962907146662474e-003	
516.2119750976563	8.313603401184082	0.3704450726509094	1.209949731826782	9.715152740478516	0.325882762670517	4.539923667907715	1.929636462591589e-003	
524.60302734375	8.324577331542969	0.3709731101989746	1.211441040039063	9.727362632751465	0.3263013660907745	4.545886516571045	1.942164381034672e-003	
532.9940185546875	8.315365791320801	0.3705158829689026	1.210094332695007	9.714508056640625	0.3259758949279785	4.539671897888184	1.949171768501401e-003	
541.385009765625	8.381097793579102	0.3734628856182098	1.219702124595642	9.794537544250488	0.328578382730484	4.577077865600586	1.985387410968542e-003	
549.7760009765625	8.377187728881836	0.3732350766658783	1.218979835510254	9.78593635559082	0.3283587098121643	4.572847843170166	1.965571660548449e-003	
558.1669921875	8.367670059204102	0.3728658258914948	1.217760443687439	9.775854110717773	0.3280282616615295	4.568434715270996	1.960640074685216e-003	
566.5570068359375	8.345331192016602	0.3718959093093872	1.21441924571991	9.746781349182129	0.3271018266677856	4.554618835449219	1.96727947331965e-003	
574.947998046875	8.32321834564209	0.3708879351615906	1.211213111877441	9.722426414489746	0.3262736201286316	4.543407917022705	1.931609120219946e-003	
583.3389892578125	8.332917213439941	0.3713100254535675	1.212608814239502	9.737998962402344	0.326606422662735	4.550559043884277	1.964894589036703e-003	
591.72998046875	8.336647033691406	0.3714452981948853	1.213092684745789	9.740853309631348	0.3267805576324463	4.552166938781738	1.954928040504456e-003	
600.1199951171875	8.329455375671387	0.3711891770362854	1.212228298187256	9.7320556640625	0.3265177011489868	4.547914505004883	1.938012894243002e-003	
608.510986328125	8.302642822265625	0.3700132369995117	1.208233714103699	9.702910423278809	0.3254566788673401	4.53427791595459	1.935951877385378e-003	
616.9019775390625	8.255409240722656	0.3678618371486664	1.201350808143616	9.645205497741699	0.3236145377159119	4.507288455963135	1.902934745885432e-003	
625.2930297851563	8.366430282592773	0.3727964460849762	1.217489004135132	9.779094696044922	0.3279735445976257	4.569697856903076	1.992910634726286e-003	
633.6829833984375	8.436465263366699	0.3759479820728302	1.227809190750122	9.86228084564209	0.3307478427886963	4.608856201171875	1.971754943951964e-003	
642.073974609375	8.433482170104981	0.3757884204387665	1.227298498153687	9.859588623046875	0.3305693864822388	4.607449054718018	1.966028241440654e-003	
650.4650268554688	8.425370216369629	0.3754738867282867	1.22607147693634	9.850404739379883	0.3302087187767029	4.603586196899414	1.967043848708272e-003	
658.8560180664063	8.373056411743164	0.3730697929859161	1.218553185462952	9.786580085754395	0.3282352089881897	4.57349967956543	1.974110491573811e-003	
667.2470092773438	8.377398490905762	0.3732805252075195	1.219212055206299	9.793972969055176	0.3284286856651306	4.577018737792969	1.961302477866411e-003	
679.9990234375	8.339970588684082	0.3715979158878326	1.213830828666687	9.749176979064941	0.3269181251525879	4.556007862091065	1.960978610441089e-003	
688.3900146484375	8.313344955444336	0.3704836368560791	1.209859848022461	9.715624809265137	0.3258944749832153	4.540493488311768	1.938528148457408e-003	
696.781005859375	8.255597114562988	0.3678790330886841	1.201406002044678	9.64643669128418	0.3236221671104431	4.507852554321289	1.920789014548063e-003	
705.1719970703125	8.306610107421875	0.3700948357582092	1.208866000175476	9.705155372619629	0.3255868852138519	4.535451889038086	1.954250736162067e-003	
713.56298828125	8.284022331237793	0.3691571056842804	1.205605745315552	9.681196212768555	0.3247341215610504	4.524331092834473	1.959211891517043e-003	
721.9539794921875	8.311334609985352	0.3703544139862061	1.20958137512207	9.715122222900391	0.325832337141037	4.540180683135986	1.961258240044117e-003	
730.344970703125	8.313611030578613	0.3704182505607605	1.209857225418091	9.717136383056641	0.3259137570858002	4.540979385375977	1.954368548467755e-003	
738.7349853515625	8.297603607177734	0.3697308003902435	1.207597851753235	9.699483871459961	0.3253078460693359	4.532810211181641	1.951468409970403e-003	
747.1259765625	8.31098747253418	0.3703206181526184	1.209472417831421	9.715717315673828	0.3258326351642609	4.540472030639648	1.947022508829832e-003	
755.5170288085938	8.287247657775879	0.3692721724510193	1.20607602596283	9.685428619384766	0.324890673160553	4.526133060455322	1.951541984453797e-003	
763.9080200195313	8.314777374267578	0.3705225586891174	1.210054874420166	9.713919639587402	0.3259774446487427	4.539565563201904	1.974522601813078e-003	
772.2990112304688	8.287138938903809	0.3692994117736816	1.205951690673828	9.682999610900879	0.3248583376407623	4.524845123291016	1.961096422746778e-003	
780.6900024414063	8.358270645141602	0.3724591434001923	1.216379880905151	9.768047332763672	0.3276613354682922	4.565001964569092	1.973389182239771e-003	
789.0800170898438	8.417107582092285	0.3750897943973541	1.225007057189941	9.839007377624512	0.3299480080604553	4.597952842712402	1.974993851035833e-003	
797.4710083007813	8.432838439941406	0.3757723271846771	1.227284073829651	9.85781192779541	0.3306114673614502	4.606989860534668	2.016834449023008e-003	
805.8619995117188	8.423152923583984	0.3753286898136139	1.225772976875305	9.845501899719238	0.3302905559539795	4.600932598114014	1.968472031876445e-003	
814.2529907226563	8.419662475585938	0.3751242756843567	1.225252151489258	9.840921401977539	0.3301426470279694	4.599283218383789	1.974507933482528e-003	
822.6439819335938	8.345555305480957	0.3718638420104981	1.214511156082153	9.750880241394043	0.327157586812973	4.556897163391113	1.985726179555059e-003	
831.0339965820313	8.353178977966309	0.3722154200077057	1.2156822681427	9.761924743652344	0.3274737000465393	4.562053680419922	1.970017794519663e-003	
839.4249877929688	8.350263595581055	0.3720814287662506	1.215170979499817	9.758601188659668	0.3273568451404572	4.560317516326904	1.968148164451122e-003	
847.8159790039063	8.411418914794922	0.3747816383838654	1.224041938781738	9.831112861633301	0.3297615647315979	4.594191551208496	1.98105932213366e-003	
856.2069702148438	8.424476623535156	0.3753722310066223	1.226010322570801	9.849239349365234	0.3303017914295197	4.603051662445068	1.982722897082567e-003	
864.5969848632813	8.427929878234863	0.3754973411560059	1.226480841636658	9.855756759643555	0.3304420709609985	4.605630397796631	2.009900053963065e-003	
872.9879760742188	8.385788917541504	0.3736193776130676	1.220452189445496	9.804933547973633	0.3288157284259796	4.582217216491699	1.972623635083437e-003	
881.3790283203125	8.317018508911133	0.3705745935440064	1.210318446159363	9.722660064697266	0.3261067271232605	4.54369068145752	1.956974156200886e-003	
889.77001953125	8.300205230712891	0.3698404431343079	1.207956314086914	9.698679924011231	0.3254594504833221	4.532490730285645	1.961022615432739e-003	
898.1610107421875	8.328803062438965	0.3711170256137848	1.212098002433777	9.737548828125	0.3265500366687775	4.550701141357422	1.96473253890872e-003	
906.552001953125	8.432302474975586	0.3756939768791199	1.227184772491455	9.866694450378418	0.330613523721695	4.611016750335693	1.967470860108733e-003	
914.9429931640625	8.439167976379395	0.3759720027446747	1.22826361656189	9.874281883239746	0.3308539688587189	4.61480188369751	1.986094051972032e-003	
923.3330078125	8.407571792602539	0.3746155798435211	1.223497033119202	9.834010124206543	0.3296121954917908	4.595751762390137	1.989171141758561e-003	
931.7239990234375	8.377314567565918	0.3733062446117401	1.219149351119995	9.793951988220215	0.3284659683704376	4.577102661132813	1.970739103853703e-003	
940.114990234375	8.356389045715332	0.3723710775375366	1.216161966323853	9.764791488647461	0.3276726007461548	4.563269138336182	1.986064715310931e-003	
948.5059814453125	8.367281913757324	0.3728718161582947	1.217716813087463	9.778069496154785	0.3280669748783112	4.569690227508545	1.992262667044997e-003	
956.89599609375	8.358349800109863	0.372448742389679	1.216365218162537	9.765354156494141	0.3277077674865723	4.563792228698731	2.002052962779999e-003	
965.2860107421875	8.368294715881348	0.3728583157062531	1.217842698097229	9.775642395019531	0.3281116187572479	4.568538188934326	1.99311668984592e-003	
973.677001953125	8.349555015563965	0.3720708191394806	1.215135931968689	9.755753517150879	0.3273983597755432	4.559129238128662	1.969767501577735e-003	
982.0689697265625	8.341700553894043	0.3716757893562317	1.214092135429382	9.749175071716309	0.3270557522773743	4.556051254272461	1.988390926271677e-003	
990.4600219726563	8.333080291748047	0.3713521957397461	1.212799191474915	9.73874568939209	0.3267219960689545	4.551144123077393	1.966749550774694e-003	
998.8499755859375	8.356594085693359	0.3724261224269867	1.216155409812927	9.764204025268555	0.3276746571063995	4.563175201416016	1.991806318983436e-003	
1007.242004394531	8.407101631164551	0.3746738433837891	1.223430514335632	9.826809883117676	0.329629123210907	4.592616081237793	1.998666906729341e-003	
